####### SVM Radial on Mat wo G1 G2 #######

Support Vector Machines with Radial Basis Function Kernel 

395 samples
 32 predictor
  2 classes: 'Fail', 'Pass' 

No pre-processing
Resampling: Cross-Validated (10 fold) 
Summary of sample sizes: 355, 355, 356, 355, 355, 356, ... 
Resampling results across tuning parameters:

  sigma  C      ROC        Sens         Spec     
  1e-03  1e-03  0.6849441  0.000000000  1.0000000
  1e-03  1e-02  0.6958142  0.300000000  0.9172365
  1e-03  1e-01  0.7114508  0.300000000  0.9173789
  1e-03  1e+00  0.7126014  0.292307692  0.9056980
  1e-03  1e+01  0.7075279  0.207692308  0.9508547
  1e-03  1e+02  0.6727263  0.146153846  0.9622507
  1e-03  1e+03  0.6436993  0.076923077  0.9776353
  1e-02  1e-03  0.6939952  0.238461538  0.9287749
  1e-02  1e-02  0.6957922  0.300000000  0.8945869
  1e-02  1e-01  0.6984111  0.300000000  0.8907407
  1e-02  1e+00  0.6944116  0.269230769  0.9210826
  1e-02  1e+01  0.6447513  0.138461538  0.9586895
  1e-02  1e+02  0.6269231  0.069230769  0.9733618
  1e-02  1e+03  0.6285777  0.076923077  0.9589744
  1e-01  1e-03  0.5129301  0.000000000  1.0000000
  1e-01  1e-02  0.6007013  0.007692308  1.0000000
  1e-01  1e-01  0.6018847  0.023076923  0.9851852
  1e-01  1e+00  0.6024545  0.015384615  0.9888889
  1e-01  1e+01  0.5850099  0.000000000  0.9962963
  1e-01  1e+02  0.5841552  0.000000000  0.9887464
  1e-01  1e+03  0.5841552  0.007692308  0.9888889
  1e+00  1e-03  0.4917817  0.000000000  1.0000000
  1e+00  1e-02  0.4897217  0.000000000  1.0000000
  1e+00  1e-01  0.4663160  0.000000000  1.0000000
  1e+00  1e+00  0.4628917  0.000000000  1.0000000
  1e+00  1e+01  0.4988001  0.000000000  1.0000000
  1e+00  1e+02  0.4626561  0.000000000  1.0000000
  1e+00  1e+03  0.4891464  0.000000000  1.0000000
  1e+01  1e-03  0.5000000  0.000000000  1.0000000
  1e+01  1e-02  0.5000000  0.000000000  1.0000000
  1e+01  1e-01  0.5000000  0.000000000  1.0000000
  1e+01  1e+00  0.5000000  0.000000000  1.0000000
  1e+01  1e+01  0.5000000  0.000000000  1.0000000
  1e+01  1e+02  0.5000000  0.000000000  1.0000000
  1e+01  1e+03  0.5000000  0.000000000  1.0000000
  1e+02  1e-03  0.5000000  0.000000000  1.0000000
  1e+02  1e-02  0.5000000  0.000000000  1.0000000
  1e+02  1e-01  0.5000000  0.000000000  1.0000000
  1e+02  1e+00  0.5000000  0.000000000  1.0000000
  1e+02  1e+01  0.5000000  0.000000000  1.0000000
  1e+02  1e+02  0.5000000  0.000000000  1.0000000
  1e+02  1e+03  0.5000000  0.000000000  1.0000000
  1e+03  1e-03  0.5000000  0.000000000  1.0000000
  1e+03  1e-02  0.5000000  0.000000000  1.0000000
  1e+03  1e-01  0.5000000  0.000000000  1.0000000
  1e+03  1e+00  0.5000000  0.000000000  1.0000000
  1e+03  1e+01  0.5000000  0.000000000  1.0000000
  1e+03  1e+02  0.5000000  0.000000000  1.0000000
  1e+03  1e+03  0.5000000  0.000000000  1.0000000

ROC was used to select the optimal model using the largest value.
The final values used for the model were sigma = 0.001 and C = 1.
Support Vector Machine object of class "ksvm" 

SV type: C-svc  (classification) 
 parameter : cost C = 1 

Gaussian Radial Basis kernel function. 
 Hyperparameter : sigma =  0.001 

Number of Support Vectors : 275 

Objective Function Value : -254.3662 
Training error : 0.329114 
Probability model included. 


####### SVM Radial on Mat wo G1 #######

Support Vector Machines with Radial Basis Function Kernel 

395 samples
 32 predictor
  2 classes: 'Fail', 'Pass' 

No pre-processing
Resampling: Cross-Validated (10 fold) 
Summary of sample sizes: 355, 355, 356, 355, 355, 356, ... 
Resampling results across tuning parameters:

  sigma  C      ROC        Sens        Spec     
  1e-03  1e-03  0.8742604  0.05384615  0.9925926
  1e-03  1e-02  0.8774929  0.70769231  0.8078348
  1e-03  1e-01  0.8774710  0.71538462  0.8007123
  1e-03  1e+00  0.8780517  0.70769231  0.8267806
  1e-03  1e+01  0.9063445  0.63846154  0.8868946
  1e-03  1e+02  0.9075060  0.71538462  0.8720798
  1e-03  1e+03  0.9078786  0.67692308  0.8913105
  1e-02  1e-03  0.8734057  0.67692308  0.8227920
  1e-02  1e-02  0.8771641  0.73846154  0.8233618
  1e-02  1e-01  0.8771751  0.73846154  0.8198006
  1e-02  1e+00  0.8924830  0.63076923  0.8945869
  1e-02  1e+01  0.8989152  0.70769231  0.8799145
  1e-02  1e+02  0.8855468  0.64615385  0.8759259
  1e-02  1e+03  0.8858317  0.66153846  0.8760684
  1e-01  1e-03  0.7314267  0.00000000  1.0000000
  1e-01  1e-02  0.7491234  0.22307692  0.9515670
  1e-01  1e-01  0.7485426  0.29230769  0.9219373
  1e-01  1e+00  0.7502959  0.21538462  0.9290598
  1e-01  1e+01  0.7463840  0.20000000  0.9364672
  1e-01  1e+02  0.7463840  0.27692308  0.9139601
  1e-01  1e+03  0.7463840  0.20769231  0.9293447
  1e+00  1e-03  0.4880945  0.00000000  1.0000000
  1e+00  1e-02  0.4481481  0.00000000  1.0000000
  1e+00  1e-01  0.4112919  0.00000000  1.0000000
  1e+00  1e+00  0.4086566  0.00000000  1.0000000
  1e+00  1e+01  0.4595770  0.00000000  1.0000000
  1e+00  1e+02  0.4031558  0.00000000  1.0000000
  1e+00  1e+03  0.4404558  0.00000000  1.0000000
  1e+01  1e-03  0.5000000  0.00000000  1.0000000
  1e+01  1e-02  0.5000000  0.00000000  1.0000000
  1e+01  1e-01  0.5000000  0.00000000  1.0000000
  1e+01  1e+00  0.5000000  0.00000000  1.0000000
  1e+01  1e+01  0.5000000  0.00000000  1.0000000
  1e+01  1e+02  0.5000000  0.00000000  1.0000000
  1e+01  1e+03  0.5000000  0.00000000  1.0000000
  1e+02  1e-03  0.5000000  0.00000000  1.0000000
  1e+02  1e-02  0.5000000  0.00000000  1.0000000
  1e+02  1e-01  0.5000000  0.00000000  1.0000000
  1e+02  1e+00  0.5000000  0.00000000  1.0000000
  1e+02  1e+01  0.5000000  0.00000000  1.0000000
  1e+02  1e+02  0.5000000  0.00000000  1.0000000
  1e+02  1e+03  0.5000000  0.00000000  1.0000000
  1e+03  1e-03  0.5000000  0.00000000  1.0000000
  1e+03  1e-02  0.5000000  0.00000000  1.0000000
  1e+03  1e-01  0.5000000  0.00000000  1.0000000
  1e+03  1e+00  0.5000000  0.00000000  1.0000000
  1e+03  1e+01  0.5000000  0.00000000  1.0000000
  1e+03  1e+02  0.5000000  0.00000000  1.0000000
  1e+03  1e+03  0.5000000  0.00000000  1.0000000

ROC was used to select the optimal model using the largest value.
The final values used for the model were sigma = 0.001 and C = 1000.
Support Vector Machine object of class "ksvm" 

SV type: C-svc  (classification) 
 parameter : cost C = 1000 

Gaussian Radial Basis kernel function. 
 Hyperparameter : sigma =  0.001 

Number of Support Vectors : 148 

Objective Function Value : -40369.61 
Training error : 0.010127 
Probability model included. 


####### SVM Radial on Por wo G1 G2 #######

Support Vector Machines with Radial Basis Function Kernel 

649 samples
 32 predictor
  2 classes: 'Fail', 'Pass' 

No pre-processing
Resampling: Cross-Validated (10 fold) 
Summary of sample sizes: 584, 584, 584, 584, 584, 584, ... 
Resampling results across tuning parameters:

  sigma  C      ROC        Sens  Spec     
  1e-03  1e-03  0.7744478  0.00  1.0000000
  1e-03  1e-02  0.7897845  0.14  0.9872391
  1e-03  1e-01  0.7814545  0.16  0.9818182
  1e-03  1e+00  0.7827475  0.18  0.9745118
  1e-03  1e+01  0.7820236  0.15  0.9800000
  1e-03  1e+02  0.8089091  0.12  0.9854545
  1e-03  1e+03  0.8182963  0.13  0.9817845
  1e-02  1e-03  0.8018182  0.03  0.9945455
  1e-02  1e-02  0.8245185  0.24  0.9690572
  1e-02  1e-01  0.8219933  0.24  0.9672391
  1e-02  1e+00  0.8223569  0.22  0.9727273
  1e-02  1e+01  0.8390606  0.16  0.9763300
  1e-02  1e+02  0.8159226  0.17  0.9762963
  1e-02  1e+03  0.8159226  0.14  0.9835690
  1e-01  1e-03  0.7656330  0.00  1.0000000
  1e-01  1e-02  0.8010370  0.07  0.9799663
  1e-01  1e-01  0.8033906  0.13  0.9745118
  1e-01  1e+00  0.8030269  0.15  0.9708754
  1e-01  1e+01  0.8033771  0.11  0.9690236
  1e-01  1e+02  0.8033771  0.07  0.9744781
  1e-01  1e+03  0.8033771  0.10  0.9726599
  1e+00  1e-03  0.6290774  0.00  1.0000000
  1e+00  1e-02  0.6333232  0.00  1.0000000
  1e+00  1e-01  0.6342189  0.01  1.0000000
  1e+00  1e+00  0.6465892  0.02  1.0000000
  1e+00  1e+01  0.6373384  0.02  0.9981818
  1e+00  1e+02  0.6478754  0.02  1.0000000
  1e+00  1e+03  0.6106936  0.02  0.9981818
  1e+01  1e-03  0.5100000  0.00  1.0000000
  1e+01  1e-02  0.5041818  0.00  1.0000000
  1e+01  1e-01  0.4958182  0.00  1.0000000
  1e+01  1e+00  0.4958182  0.00  1.0000000
  1e+01  1e+01  0.4958182  0.00  1.0000000
  1e+01  1e+02  0.4958182  0.00  1.0000000
  1e+01  1e+03  0.4958182  0.00  1.0000000
  1e+02  1e-03  0.5000000  0.00  1.0000000
  1e+02  1e-02  0.5000000  0.00  1.0000000
  1e+02  1e-01  0.5000000  0.00  1.0000000
  1e+02  1e+00  0.5000000  0.00  1.0000000
  1e+02  1e+01  0.5000000  0.00  1.0000000
  1e+02  1e+02  0.5000000  0.00  1.0000000
  1e+02  1e+03  0.5000000  0.00  1.0000000
  1e+03  1e-03  0.5000000  0.00  1.0000000
  1e+03  1e-02  0.5000000  0.00  1.0000000
  1e+03  1e-01  0.5000000  0.00  1.0000000
  1e+03  1e+00  0.5000000  0.00  1.0000000
  1e+03  1e+01  0.5000000  0.00  1.0000000
  1e+03  1e+02  0.5000000  0.00  1.0000000
  1e+03  1e+03  0.5000000  0.00  1.0000000

ROC was used to select the optimal model using the largest value.
The final values used for the model were sigma = 0.01 and C = 10.
Support Vector Machine object of class "ksvm" 

SV type: C-svc  (classification) 
 parameter : cost C = 10 

Gaussian Radial Basis kernel function. 
 Hyperparameter : sigma =  0.01 

Number of Support Vectors : 302 

Objective Function Value : -853.8045 
Training error : 0.015408 
Probability model included. 


####### SVM Radial on Por wo G1 #######

Support Vector Machines with Radial Basis Function Kernel 

649 samples
 32 predictor
  2 classes: 'Fail', 'Pass' 

No pre-processing
Resampling: Cross-Validated (10 fold) 
Summary of sample sizes: 584, 584, 584, 584, 584, 584, ... 
Resampling results across tuning parameters:

  sigma  C      ROC        Sens  Spec     
  1e-03  1e-03  0.8938586  0.00  1.0000000
  1e-03  1e-02  0.9084411  0.38  0.9617508
  1e-03  1e-01  0.9093502  0.48  0.9526599
  1e-03  1e+00  0.9093468  0.50  0.9453872
  1e-03  1e+01  0.9138721  0.42  0.9635690
  1e-03  1e+02  0.9307542  0.44  0.9708418
  1e-03  1e+03  0.9242997  0.45  0.9726263
  1e-02  1e-03  0.9064276  0.30  0.9763636
  1e-02  1e-02  0.9123973  0.55  0.9490236
  1e-02  1e-01  0.9125825  0.55  0.9472054
  1e-02  1e+00  0.9144074  0.48  0.9562963
  1e-02  1e+01  0.9277980  0.50  0.9616835
  1e-02  1e+02  0.9224949  0.49  0.9708081
  1e-02  1e+03  0.9224949  0.49  0.9708081
  1e-01  1e-03  0.8513468  0.00  1.0000000
  1e-01  1e-02  0.8682593  0.23  0.9781818
  1e-01  1e-01  0.8711818  0.31  0.9617508
  1e-01  1e+00  0.8715387  0.29  0.9563636
  1e-01  1e+01  0.8739024  0.29  0.9672727
  1e-01  1e+02  0.8739024  0.27  0.9708754
  1e-01  1e+03  0.8739024  0.29  0.9727273
  1e+00  1e-03  0.6238586  0.00  1.0000000
  1e+00  1e-02  0.6933754  0.00  1.0000000
  1e+00  1e-01  0.6674747  0.01  1.0000000
  1e+00  1e+00  0.7069613  0.01  1.0000000
  1e+00  1e+01  0.7226566  0.02  1.0000000
  1e+00  1e+02  0.6101128  0.01  1.0000000
  1e+00  1e+03  0.7426599  0.02  1.0000000
  1e+01  1e-03  0.5100000  0.00  1.0000000
  1e+01  1e-02  0.5100000  0.00  1.0000000
  1e+01  1e-01  0.4900000  0.00  1.0000000
  1e+01  1e+00  0.4900000  0.00  1.0000000
  1e+01  1e+01  0.4900000  0.00  1.0000000
  1e+01  1e+02  0.4900000  0.00  1.0000000
  1e+01  1e+03  0.4900000  0.00  1.0000000
  1e+02  1e-03  0.5000000  0.00  1.0000000
  1e+02  1e-02  0.5000000  0.00  1.0000000
  1e+02  1e-01  0.5000000  0.00  1.0000000
  1e+02  1e+00  0.5000000  0.00  1.0000000
  1e+02  1e+01  0.5000000  0.00  1.0000000
  1e+02  1e+02  0.5000000  0.00  1.0000000
  1e+02  1e+03  0.5000000  0.00  1.0000000
  1e+03  1e-03  0.5000000  0.00  1.0000000
  1e+03  1e-02  0.5000000  0.00  1.0000000
  1e+03  1e-01  0.5000000  0.00  1.0000000
  1e+03  1e+00  0.5000000  0.00  1.0000000
  1e+03  1e+01  0.5000000  0.00  1.0000000
  1e+03  1e+02  0.5000000  0.00  1.0000000
  1e+03  1e+03  0.5000000  0.00  1.0000000

ROC was used to select the optimal model using the largest value.
The final values used for the model were sigma = 0.001 and C = 100.
Support Vector Machine object of class "ksvm" 

SV type: C-svc  (classification) 
 parameter : cost C = 100 

Gaussian Radial Basis kernel function. 
 Hyperparameter : sigma =  0.001 

Number of Support Vectors : 173 

Objective Function Value : -10632.27 
Training error : 0.047766 
Probability model included. 
