####### SVM Radial on Mat w All #######

Support Vector Machines with Radial Basis Function Kernel 

395 samples
 32 predictor

No pre-processing
Resampling: Cross-Validated (10 fold) 
Summary of sample sizes: 354, 357, 355, 356, 355, 355, ... 
Resampling results across tuning parameters:

  sigma  C      RMSE      Rsquared      MAE     
  1e-03  1e-03  4.563584  0.6725249856  3.416607
  1e-03  1e-02  4.522784  0.6785865303  3.380369
  1e-03  1e-01  4.153420  0.6930405663  3.022540
  1e-03  1e+00  2.594856  0.7711374058  1.595471
  1e-03  1e+01  2.000911  0.8165710865  1.126434
  1e-03  1e+02  1.991423  0.8144140140  1.189906
  1e-03  1e+03  2.283793  0.7631617192  1.675821
  1e-02  1e-03  4.546552  0.6796978358  3.401462
  1e-02  1e-02  4.368838  0.6970543124  3.231815
  1e-02  1e-01  3.133947  0.7357708988  2.071820
  1e-02  1e+00  2.105164  0.8064979583  1.288772
  1e-02  1e+01  2.106236  0.7901189849  1.473631
  1e-02  1e+02  2.213205  0.7693633502  1.629262
  1e-02  1e+03  2.213205  0.7693633502  1.629262
  1e-01  1e-03  4.567343  0.3100527443  3.419993
  1e-01  1e-02  4.559287  0.3164303839  3.413526
  1e-01  1e-01  4.500769  0.3243369411  3.326054
  1e-01  1e+00  4.172534  0.3821441062  3.002392
  1e-01  1e+01  4.061414  0.4023494815  2.967895
  1e-01  1e+02  4.061414  0.4023494815  2.967895
  1e-01  1e+03  4.061414  0.4023494815  2.967895
  1e+00  1e-03  4.568186  0.0105830567  3.420842
  1e+00  1e-02  4.567725  0.0112447899  3.422274
  1e+00  1e-01  4.576693  0.0118628193  3.410917
  1e+00  1e+00  4.589973  0.0176369134  3.402263
  1e+00  1e+01  4.567394  0.0219745428  3.431438
  1e+00  1e+02  4.567394  0.0219745428  3.431438
  1e+00  1e+03  4.567394  0.0219745428  3.431438
  1e+01  1e-03  4.568186  0.0040008350  3.420841
  1e+01  1e-02  4.567717  0.0040008350  3.422260
  1e+01  1e-01  4.576684  0.0003582595  3.410749
  1e+01  1e+00  4.589921  0.0003582595  3.401365
  1e+01  1e+01  4.567266  0.0040008350  3.430695
  1e+01  1e+02  4.567266  0.0040008350  3.430695
  1e+01  1e+03  4.567266  0.0040008350  3.430695
  1e+02  1e-03  4.568186           NaN  3.420841
  1e+02  1e-02  4.567717           NaN  3.422261
  1e+02  1e-01  4.576684           NaN  3.410749
  1e+02  1e+00  4.589921           NaN  3.401365
  1e+02  1e+01  4.567266           NaN  3.430695
  1e+02  1e+02  4.567266           NaN  3.430695
  1e+02  1e+03  4.567266           NaN  3.430695
  1e+03  1e-03  4.568186           NaN  3.420841
  1e+03  1e-02  4.567717           NaN  3.422261
  1e+03  1e-01  4.576684           NaN  3.410749
  1e+03  1e+00  4.589921           NaN  3.401365
  1e+03  1e+01  4.567266           NaN  3.430695
  1e+03  1e+02  4.567266           NaN  3.430695
  1e+03  1e+03  4.567266           NaN  3.430695

RMSE was used to select the optimal model using the smallest value.
The final values used for the model were sigma = 0.001 and C = 100.
Support Vector Machine object of class "ksvm" 

SV type: eps-svr  (regression) 
 parameter : epsilon = 0.1  cost C = 100 

Gaussian Radial Basis kernel function. 
 Hyperparameter : sigma =  0.001 

Number of Support Vectors : 263 

Objective Function Value : -4308.028 
Training error : 0.113391 


####### SVM Radial on Mat w Sel #######

Support Vector Machines with Radial Basis Function Kernel 

395 samples
  6 predictor

No pre-processing
Resampling: Cross-Validated (10 fold) 
Summary of sample sizes: 354, 357, 355, 356, 355, 355, ... 
Resampling results across tuning parameters:

  sigma  C      RMSE      Rsquared    MAE     
  1e-03  1e-03  4.564171  0.78405150  3.417113
  1e-03  1e-02  4.527527  0.78400256  3.384769
  1e-03  1e-01  4.187736  0.77941177  3.064438
  1e-03  1e+00  2.496431  0.79979807  1.505673
  1e-03  1e+01  1.947016  0.82676249  1.069398
  1e-03  1e+02  1.897748  0.83265085  1.050425
  1e-03  1e+03  1.878944  0.83532606  1.062967
  1e-02  1e-03  4.532949  0.78331775  3.389228
  1e-02  1e-02  4.237795  0.77986429  3.109465
  1e-02  1e-01  2.600998  0.79544429  1.588483
  1e-02  1e+00  1.921515  0.83076095  1.084344
  1e-02  1e+01  1.856452  0.84135309  1.063357
  1e-02  1e+02  1.791323  0.85370245  1.048720
  1e-02  1e+03  1.879843  0.82708246  1.122349
  1e-01  1e-03  4.464869  0.71037543  3.317450
  1e-01  1e-02  3.707997  0.71469145  2.527394
  1e-01  1e-01  2.450588  0.78069005  1.475540
  1e-01  1e+00  1.846038  0.84428668  1.118340
  1e-01  1e+01  1.700019  0.86525759  1.090808
  1e-01  1e+02  1.739452  0.85305889  1.225223
  1e-01  1e+03  2.601951  0.71722439  1.771115
  1e+00  1e-03  4.555127  0.35800820  3.404966
  1e+00  1e-02  4.454041  0.36862201  3.267324
  1e+00  1e-01  3.867168  0.44480887  2.547935
  1e+00  1e+00  2.833668  0.67276567  1.824875
  1e+00  1e+01  2.701655  0.67207083  1.841086
  1e+00  1e+02  2.699792  0.67264137  1.841803
  1e+00  1e+03  2.699774  0.67263424  1.841752
  1e+01  1e-03  4.567612  0.12082870  3.420077
  1e+01  1e-02  4.562060  0.12374772  3.414239
  1e+01  1e-01  4.529933  0.12911233  3.336830
  1e+01  1e+00  4.304968  0.19062405  3.082347
  1e+01  1e+01  4.232684  0.19528396  3.059546
  1e+01  1e+02  4.232684  0.19528396  3.059546
  1e+01  1e+03  4.232684  0.19528396  3.059546
  1e+02  1e-03  4.568106  0.02098082  3.420701
  1e+02  1e-02  4.566962  0.02211698  3.420842
  1e+02  1e-01  4.570976  0.02499025  3.399832
  1e+02  1e+00  4.556748  0.03734784  3.352717
  1e+02  1e+01  4.531030  0.03801901  3.379975
  1e+02  1e+02  4.531030  0.03801870  3.379975
  1e+02  1e+03  4.531030  0.03801885  3.379975
  1e+03  1e-03  4.568107  0.01416300  3.420713
  1e+03  1e-02  4.566965  0.01417883  3.420846
  1e+03  1e-01  4.570996  0.01704628  3.399870
  1e+03  1e+00  4.556970  0.02122695  3.352924
  1e+03  1e+01  4.531356  0.02147658  3.380264
  1e+03  1e+02  4.531355  0.02147658  3.380260
  1e+03  1e+03  4.531355  0.02147658  3.380260

RMSE was used to select the optimal model using the smallest value.
The final values used for the model were sigma = 0.1 and C = 10.
Support Vector Machine object of class "ksvm" 

SV type: eps-svr  (regression) 
 parameter : epsilon = 0.1  cost C = 10 

Gaussian Radial Basis kernel function. 
 Hyperparameter : sigma =  0.1 

Number of Support Vectors : 258 

Objective Function Value : -429.5933 
Training error : 0.089787 


####### SVM Radial on Por w All #######

Support Vector Machines with Radial Basis Function Kernel 

649 samples
 32 predictor

No pre-processing
Resampling: Cross-Validated (10 fold) 
Summary of sample sizes: 585, 585, 585, 583, 584, 584, ... 
Resampling results across tuning parameters:

  sigma  C      RMSE      Rsquared    MAE      
  1e-03  1e-03  3.201754  0.66869673  2.4162522
  1e-03  1e-02  3.140341  0.66865194  2.3611790
  1e-03  1e-01  2.597448  0.69632821  1.8771913
  1e-03  1e+00  1.473801  0.83019735  0.9201324
  1e-03  1e+01  1.272593  0.85290112  0.7821688
  1e-03  1e+02  1.278682  0.84634904  0.8047995
  1e-03  1e+03  1.485226  0.79562276  1.0443002
  1e-02  1e-03  3.177204  0.66162688  2.3936497
  1e-02  1e-02  2.903218  0.67280849  2.1402544
  1e-02  1e-01  1.805157  0.78678083  1.1750941
  1e-02  1e+00  1.382363  0.83266823  0.8469257
  1e-02  1e+01  1.382361  0.81932804  0.9204244
  1e-02  1e+02  1.438740  0.80404511  0.9883022
  1e-02  1e+03  1.438740  0.80404511  0.9883022
  1e-01  1e-03  3.207518  0.30702230  2.4212376
  1e-01  1e-02  3.197553  0.30499606  2.4109619
  1e-01  1e-01  3.096137  0.30790844  2.3041923
  1e-01  1e+00  2.759259  0.42666691  1.9546098
  1e-01  1e+01  2.696602  0.44543714  1.8939726
  1e-01  1e+02  2.696602  0.44543714  1.8939726
  1e-01  1e+03  2.696602  0.44543714  1.8939726
  1e+00  1e-03  3.208744  0.01477822  2.4224837
  1e+00  1e-02  3.209457  0.01438048  2.4231889
  1e+00  1e-01  3.213216  0.01464233  2.4267595
  1e+00  1e+00  3.195278  0.02026208  2.4018562
  1e+00  1e+01  3.194635  0.01878721  2.3993788
  1e+00  1e+02  3.194635  0.01878721  2.3993788
  1e+00  1e+03  3.194635  0.01878721  2.3993788
  1e+01  1e-03  3.208750  0.01636554  2.4224875
  1e+01  1e-02  3.209530  0.01635348  2.4232300
  1e+01  1e-01  3.213843  0.01635611  2.4271393
  1e+01  1e+00  3.200438  0.01636554  2.4061189
  1e+01  1e+01  3.200057  0.01636554  2.4051174
  1e+01  1e+02  3.200057  0.01636554  2.4051174
  1e+01  1e+03  3.200057  0.01636554  2.4051174
  1e+02  1e-03  3.208750         NaN  2.4224876
  1e+02  1e-02  3.209530         NaN  2.4232304
  1e+02  1e-01  3.213847         NaN  2.4271428
  1e+02  1e+00  3.200481         NaN  2.4061543
  1e+02  1e+01  3.200103         NaN  2.4051605
  1e+02  1e+02  3.200103         NaN  2.4051605
  1e+02  1e+03  3.200103         NaN  2.4051605
  1e+03  1e-03  3.208750         NaN  2.4224876
  1e+03  1e-02  3.209530         NaN  2.4232304
  1e+03  1e-01  3.213847         NaN  2.4271428
  1e+03  1e+00  3.200481         NaN  2.4061543
  1e+03  1e+01  3.200103         NaN  2.4051605
  1e+03  1e+02  3.200103         NaN  2.4051605
  1e+03  1e+03  3.200103         NaN  2.4051605

RMSE was used to select the optimal model using the smallest value.
The final values used for the model were sigma = 0.001 and C = 10.
Support Vector Machine object of class "ksvm" 

SV type: eps-svr  (regression) 
 parameter : epsilon = 0.1  cost C = 10 

Gaussian Radial Basis kernel function. 
 Hyperparameter : sigma =  0.001 

Number of Support Vectors : 451 

Objective Function Value : -999.6328 
Training error : 0.140805 


####### SVM Radial on Por w Sel #######

Support Vector Machines with Radial Basis Function Kernel 

649 samples
  6 predictor

No pre-processing
Resampling: Cross-Validated (10 fold) 
Summary of sample sizes: 585, 585, 585, 583, 584, 584, ... 
Resampling results across tuning parameters:

  sigma  C      RMSE      Rsquared    MAE      
  1e-03  1e-03  3.203257  0.78776994  2.4177944
  1e-03  1e-02  3.155114  0.78777061  2.3766080
  1e-03  1e-01  2.690947  0.79273640  1.9739946
  1e-03  1e+00  1.457112  0.84135294  0.9158956
  1e-03  1e+01  1.252280  0.85711709  0.7719515
  1e-03  1e+02  1.239051  0.85605230  0.7806237
  1e-03  1e+03  1.242741  0.85392092  0.7908477
  1e-02  1e-03  3.167731  0.78184155  2.3865861
  1e-02  1e-02  2.809844  0.78624161  2.0681242
  1e-02  1e-01  1.564658  0.82674725  0.9797447
  1e-02  1e+00  1.297473  0.85083583  0.7965429
  1e-02  1e+01  1.250600  0.85403257  0.7998350
  1e-02  1e+02  1.284696  0.84340090  0.8071283
  1e-02  1e+03  1.432814  0.80874928  0.8546531
  1e-01  1e-03  3.146311  0.59031345  2.3587557
  1e-01  1e-02  2.675579  0.61149151  1.8723007
  1e-01  1e-01  1.867031  0.70993051  1.1101459
  1e-01  1e+00  1.477953  0.80440876  0.8794060
  1e-01  1e+01  1.428557  0.80955006  0.8893436
  1e-01  1e+02  1.601358  0.76178115  0.9995575
  1e-01  1e+03  2.153859  0.64379618  1.2853832
  1e+00  1e-03  3.199470  0.26831959  2.4106883
  1e+00  1e-02  3.120402  0.26918063  2.3072297
  1e+00  1e-01  2.707681  0.39345123  1.8030345
  1e+00  1e+00  2.183756  0.56523903  1.3151431
  1e+00  1e+01  2.212058  0.54344049  1.3691395
  1e+00  1e+02  2.294564  0.50979640  1.4530270
  1e+00  1e+03  2.304845  0.50499029  1.4612885
  1e+01  1e-03  3.206954  0.13386879  2.4199415
  1e+01  1e-02  3.192035  0.13475048  2.3977906
  1e+01  1e-01  3.067278  0.16338699  2.2234014
  1e+01  1e+00  2.801322  0.26372577  1.8920094
  1e+01  1e+01  2.765037  0.27427991  1.8560948
  1e+01  1e+02  2.765037  0.27427991  1.8560948
  1e+01  1e+03  2.765037  0.27427991  1.8560948
  1e+02  1e-03  3.207893  0.07460007  2.4212390
  1e+02  1e-02  3.201119  0.07630209  2.4106533
  1e+02  1e-01  3.136654  0.08402437  2.3129793
  1e+02  1e+00  2.997034  0.12983517  2.1092984
  1e+02  1e+01  2.980791  0.13510888  2.0866397
  1e+02  1e+02  2.980791  0.13510888  2.0866396
  1e+02  1e+03  2.980791  0.13510888  2.0866397
  1e+03  1e-03  3.207883  0.07618212  2.4212190
  1e+03  1e-02  3.201118  0.07633523  2.4106537
  1e+03  1e-01  3.136661  0.08401050  2.3129902
  1e+03  1e+00  2.997053  0.12982114  2.1093310
  1e+03  1e+01  2.980783  0.13511488  2.0866157
  1e+03  1e+02  2.980784  0.13511425  2.0866148
  1e+03  1e+03  2.980782  0.13511576  2.0866269

RMSE was used to select the optimal model using the smallest value.
The final values used for the model were sigma = 0.001 and C = 100.
Support Vector Machine object of class "ksvm" 

SV type: eps-svr  (regression) 
 parameter : epsilon = 0.1  cost C = 100 

Gaussian Radial Basis kernel function. 
 Hyperparameter : sigma =  0.001 

Number of Support Vectors : 528 

Objective Function Value : -9328.161 
Training error : 0.145987 
