####### SVM Radial on Mat w All #######

Support Vector Machines with Radial Basis Function Kernel 

395 samples
 32 predictor
  2 classes: 'Fail', 'Pass' 

No pre-processing
Resampling: Cross-Validated (10 fold) 
Summary of sample sizes: 355, 355, 356, 355, 355, 356, ... 
Resampling results across tuning parameters:

  sigma  C      ROC        Sens       Spec     
  1e-03  1e-03  0.9364234  0.4769231  0.9811966
  1e-03  1e-02  0.9367850  0.8846154  0.8306268
  1e-03  1e-01  0.9376397  0.8846154  0.8307692
  1e-03  1e+00  0.9384944  0.8923077  0.8344729
  1e-03  1e+01  0.9579772  0.8076923  0.9321937
  1e-03  1e+02  0.9705347  0.8538462  0.9397436
  1e-03  1e+03  0.9742604  0.8538462  0.9511396
  1e-02  1e-03  0.9321389  0.8461538  0.8383191
  1e-02  1e-02  0.9315801  0.8769231  0.8115385
  1e-02  1e-01  0.9318650  0.8769231  0.8116809
  1e-02  1e+00  0.9506684  0.8000000  0.9207977
  1e-02  1e+01  0.9621521  0.8076923  0.9249288
  1e-02  1e+02  0.9653298  0.8153846  0.9361823
  1e-02  1e+03  0.9653298  0.8230769  0.9400285
  1e-01  1e-03  0.8179925  0.0000000  1.0000000
  1e-01  1e-02  0.8317226  0.4692308  0.9215100
  1e-01  1e-01  0.8314157  0.5230769  0.8951567
  1e-01  1e+00  0.8319746  0.4923077  0.8913105
  1e-01  1e+01  0.8329717  0.4230769  0.9138177
  1e-01  1e+02  0.8329717  0.4846154  0.8914530
  1e-01  1e+03  0.8329717  0.4384615  0.9179487
  1e+00  1e-03  0.4758821  0.0000000  1.0000000
  1e+00  1e-02  0.4144970  0.0000000  1.0000000
  1e+00  1e-01  0.3707320  0.0000000  1.0000000
  1e+00  1e+00  0.3621466  0.0000000  1.0000000
  1e+00  1e+01  0.4337388  0.0000000  1.0000000
  1e+00  1e+02  0.3588210  0.0000000  1.0000000
  1e+00  1e+03  0.3981591  0.0000000  1.0000000
  1e+01  1e-03  0.5000000  0.0000000  1.0000000
  1e+01  1e-02  0.5000000  0.0000000  1.0000000
  1e+01  1e-01  0.5000000  0.0000000  1.0000000
  1e+01  1e+00  0.5000000  0.0000000  1.0000000
  1e+01  1e+01  0.5000000  0.0000000  1.0000000
  1e+01  1e+02  0.5000000  0.0000000  1.0000000
  1e+01  1e+03  0.5000000  0.0000000  1.0000000
  1e+02  1e-03  0.5000000  0.0000000  1.0000000
  1e+02  1e-02  0.5000000  0.0000000  1.0000000
  1e+02  1e-01  0.5000000  0.0000000  1.0000000
  1e+02  1e+00  0.5000000  0.0000000  1.0000000
  1e+02  1e+01  0.5000000  0.0000000  1.0000000
  1e+02  1e+02  0.5000000  0.0000000  1.0000000
  1e+02  1e+03  0.5000000  0.0000000  1.0000000
  1e+03  1e-03  0.5000000  0.0000000  1.0000000
  1e+03  1e-02  0.5000000  0.0000000  1.0000000
  1e+03  1e-01  0.5000000  0.0000000  1.0000000
  1e+03  1e+00  0.5000000  0.0000000  1.0000000
  1e+03  1e+01  0.5000000  0.0000000  1.0000000
  1e+03  1e+02  0.5000000  0.0000000  1.0000000
  1e+03  1e+03  0.5000000  0.0000000  1.0000000

ROC was used to select the optimal model using the largest value.
The final values used for the model were sigma = 0.001 and C = 1000.
Support Vector Machine object of class "ksvm" 

SV type: C-svc  (classification) 
 parameter : cost C = 1000 

Gaussian Radial Basis kernel function. 
 Hyperparameter : sigma =  0.001 

Number of Support Vectors : 91 

Objective Function Value : -14861.2 
Training error : 0.005063 
Probability model included. 


####### SVM Radial on Mat w Sel #######

Support Vector Machines with Radial Basis Function Kernel 

395 samples
  6 predictor
  2 classes: 'Fail', 'Pass' 

No pre-processing
Resampling: Cross-Validated (10 fold) 
Summary of sample sizes: 355, 355, 356, 355, 355, 356, ... 
Resampling results across tuning parameters:

  sigma  C      ROC        Sens       Spec     
  1e-03  1e-03  0.9725510  0.3076923  0.9925926
  1e-03  1e-02  0.9725510  0.9615385  0.8307692
  1e-03  1e-01  0.9731317  0.9692308  0.8193732
  1e-03  1e+00  0.9728359  0.9692308  0.8195157
  1e-03  1e+01  0.9734166  0.8384615  0.9249288
  1e-03  1e+02  0.9777449  0.8307692  0.9471510
  1e-03  1e+03  0.9803528  0.8461538  0.9548433
  1e-02  1e-03  0.9728359  0.9615385  0.8269231
  1e-02  1e-02  0.9728468  0.9615385  0.8118234
  1e-02  1e-01  0.9731317  0.9692308  0.8119658
  1e-02  1e+00  0.9714223  0.8230769  0.9250712
  1e-02  1e+01  0.9777668  0.8230769  0.9509972
  1e-02  1e+02  0.9780079  0.8461538  0.9472934
  1e-02  1e+03  0.9756739  0.8307692  0.9511396
  1e-01  1e-03  0.9696581  0.9307692  0.8458689
  1e-01  1e-02  0.9699540  0.9461538  0.8421652
  1e-01  1e-01  0.9687377  0.8307692  0.9210826
  1e-01  1e+00  0.9690445  0.8230769  0.9397436
  1e-01  1e+01  0.9710388  0.8461538  0.9398860
  1e-01  1e+02  0.9591935  0.7846154  0.9514245
  1e-01  1e+03  0.9436774  0.7538462  0.9210826
  1e+00  1e-03  0.9210169  0.8307692  0.8873219
  1e+00  1e-02  0.9219592  0.8461538  0.8836182
  1e+00  1e-01  0.9213894  0.8384615  0.8874644
  1e+00  1e+00  0.9228139  0.7769231  0.9061254
  1e+00  1e+01  0.9001534  0.7307692  0.9210826
  1e+00  1e+02  0.8832347  0.6692308  0.9209402
  1e+00  1e+03  0.8832347  0.6769231  0.9170940
  1e+01  1e-03  0.8227318  0.0000000  1.0000000
  1e+01  1e-02  0.8345332  0.1230769  0.9586895
  1e+01  1e-01  0.8351140  0.1615385  0.9660969
  1e+01  1e+00  0.8353989  0.1307692  0.9739316
  1e+01  1e+01  0.8426309  0.1615385  0.9626781
  1e+01  1e+02  0.8426309  0.1153846  0.9737892
  1e+01  1e+03  0.8426309  0.1307692  0.9625356
  1e+02  1e-03  0.6449047  0.0000000  1.0000000
  1e+02  1e-02  0.6137026  0.0000000  0.9925926
  1e+02  1e-01  0.7126068  0.0000000  0.9925926
  1e+02  1e+00  0.7175652  0.0000000  0.9925926
  1e+02  1e+01  0.6705238  0.0000000  0.9925926
  1e+02  1e+02  0.5953813  0.0000000  0.9925926
  1e+02  1e+03  0.6243645  0.0000000  0.9925926
  1e+03  1e-03  0.5073362  0.0000000  1.0000000
  1e+03  1e-02  0.4960826  0.0000000  0.9925926
  1e+03  1e-01  0.5036325  0.0000000  1.0000000
  1e+03  1e+00  0.4886752  0.0000000  0.9925926
  1e+03  1e+01  0.4845442  0.0000000  0.9925926
  1e+03  1e+02  0.4960826  0.0000000  0.9925926
  1e+03  1e+03  0.5111823  0.0000000  0.9925926

ROC was used to select the optimal model using the largest value.
The final values used for the model were sigma = 0.001 and C = 1000.
Support Vector Machine object of class "ksvm" 

SV type: C-svc  (classification) 
 parameter : cost C = 1000 

Gaussian Radial Basis kernel function. 
 Hyperparameter : sigma =  0.001 

Number of Support Vectors : 81 

Objective Function Value : -72127.04 
Training error : 0.075949 
Probability model included. 


####### SVM Radial on Por w All #######

Support Vector Machines with Radial Basis Function Kernel 

649 samples
 32 predictor
  2 classes: 'Fail', 'Pass' 

No pre-processing
Resampling: Cross-Validated (10 fold) 
Summary of sample sizes: 584, 584, 584, 584, 584, 584, ... 
Resampling results across tuning parameters:

  sigma  C      ROC        Sens  Spec     
  1e-03  1e-03  0.9369798  0.00  1.0000000
  1e-03  1e-02  0.9406330  0.64  0.9471717
  1e-03  1e-01  0.9433737  0.65  0.9417172
  1e-03  1e+00  0.9431919  0.67  0.9380808
  1e-03  1e+01  0.9455387  0.65  0.9690572
  1e-03  1e+02  0.9546162  0.67  0.9744781
  1e-03  1e+03  0.9482626  0.61  0.9745118
  1e-02  1e-03  0.9422694  0.59  0.9635354
  1e-02  1e-02  0.9462660  0.67  0.9453199
  1e-02  1e-01  0.9457172  0.65  0.9489562
  1e-02  1e+00  0.9462559  0.60  0.9598653
  1e-02  1e+01  0.9553333  0.64  0.9690236
  1e-02  1e+02  0.9513468  0.61  0.9672391
  1e-02  1e+03  0.9513468  0.63  0.9708754
  1e-01  1e-03  0.8777710  0.00  1.0000000
  1e-01  1e-02  0.9050943  0.26  0.9800000
  1e-01  1e-01  0.9070943  0.43  0.9508081
  1e-01  1e+00  0.9069158  0.42  0.9526599
  1e-01  1e+01  0.9043636  0.39  0.9581481
  1e-01  1e+02  0.9043636  0.38  0.9526599
  1e-01  1e+03  0.9043636  0.41  0.9581481
  1e+00  1e-03  0.6271347  0.00  1.0000000
  1e+00  1e-02  0.7224848  0.00  1.0000000
  1e+00  1e-01  0.6880000  0.01  1.0000000
  1e+00  1e+00  0.6527273  0.01  1.0000000
  1e+00  1e+01  0.7318283  0.02  1.0000000
  1e+00  1e+02  0.6146566  0.01  1.0000000
  1e+00  1e+03  0.7581111  0.02  1.0000000
  1e+01  1e-03  0.5100000  0.00  1.0000000
  1e+01  1e-02  0.5100000  0.00  1.0000000
  1e+01  1e-01  0.4900000  0.00  1.0000000
  1e+01  1e+00  0.4900000  0.00  1.0000000
  1e+01  1e+01  0.4900000  0.00  1.0000000
  1e+01  1e+02  0.4900000  0.00  1.0000000
  1e+01  1e+03  0.4900000  0.00  1.0000000
  1e+02  1e-03  0.5000000  0.00  1.0000000
  1e+02  1e-02  0.5000000  0.00  1.0000000
  1e+02  1e-01  0.5000000  0.00  1.0000000
  1e+02  1e+00  0.5000000  0.00  1.0000000
  1e+02  1e+01  0.5000000  0.00  1.0000000
  1e+02  1e+02  0.5000000  0.00  1.0000000
  1e+02  1e+03  0.5000000  0.00  1.0000000
  1e+03  1e-03  0.5000000  0.00  1.0000000
  1e+03  1e-02  0.5000000  0.00  1.0000000
  1e+03  1e-01  0.5000000  0.00  1.0000000
  1e+03  1e+00  0.5000000  0.00  1.0000000
  1e+03  1e+01  0.5000000  0.00  1.0000000
  1e+03  1e+02  0.5000000  0.00  1.0000000
  1e+03  1e+03  0.5000000  0.00  1.0000000

ROC was used to select the optimal model using the largest value.
The final values used for the model were sigma = 0.01 and C = 10.
Support Vector Machine object of class "ksvm" 

SV type: C-svc  (classification) 
 parameter : cost C = 10 

Gaussian Radial Basis kernel function. 
 Hyperparameter : sigma =  0.01 

Number of Support Vectors : 202 

Objective Function Value : -409.6324 
Training error : 0.006163 
Probability model included. 


####### SVM Radial on Por w Sel #######

Support Vector Machines with Radial Basis Function Kernel 

649 samples
  6 predictor
  2 classes: 'Fail', 'Pass' 

No pre-processing
Resampling: Cross-Validated (10 fold) 
Summary of sample sizes: 584, 584, 584, 584, 584, 584, ... 
Resampling results across tuning parameters:

  sigma  C      ROC        Sens  Spec     
  1e-03  1e-03  0.9586734  0.00  1.0000000
  1e-03  1e-02  0.9603131  0.71  0.9507744
  1e-03  1e-01  0.9610337  0.75  0.9453199
  1e-03  1e+00  0.9606734  0.75  0.9471380
  1e-03  1e+01  0.9639529  0.72  0.9636027
  1e-03  1e+02  0.9682357  0.67  0.9745118
  1e-03  1e+03  0.9671347  0.68  0.9745118
  1e-02  1e-03  0.9589360  0.75  0.9507744
  1e-02  1e-02  0.9600404  0.76  0.9489899
  1e-02  1e-01  0.9602222  0.76  0.9489899
  1e-02  1e+00  0.9623098  0.71  0.9580808
  1e-02  1e+01  0.9682256  0.70  0.9763300
  1e-02  1e+02  0.9644074  0.71  0.9745118
  1e-02  1e+03  0.9498552  0.64  0.9745118
  1e-01  1e-03  0.9523838  0.69  0.9544444
  1e-01  1e-02  0.9527508  0.69  0.9526263
  1e-01  1e-01  0.9524781  0.68  0.9526263
  1e-01  1e+00  0.9564882  0.65  0.9690572
  1e-01  1e+01  0.9503737  0.66  0.9672391
  1e-01  1e+02  0.9349125  0.56  0.9708081
  1e-01  1e+03  0.8977172  0.49  0.9763300
  1e+00  1e-03  0.8285859  0.08  0.9908754
  1e+00  1e-02  0.8871380  0.38  0.9690572
  1e+00  1e-01  0.8819428  0.39  0.9708754
  1e+00  1e+00  0.8824646  0.40  0.9690572
  1e+00  1e+01  0.8322997  0.37  0.9745455
  1e+00  1e+02  0.8120202  0.32  0.9763636
  1e+00  1e+03  0.8131178  0.32  0.9690572
  1e+01  1e-03  0.7704158  0.00  1.0000000
  1e+01  1e-02  0.8400370  0.10  0.9799663
  1e+01  1e-01  0.8395791  0.07  0.9836027
  1e+01  1e+00  0.8346734  0.09  0.9817845
  1e+01  1e+01  0.8350337  0.08  0.9799663
  1e+01  1e+02  0.8350337  0.07  0.9817845
  1e+01  1e+03  0.8350337  0.09  0.9799663
  1e+02  1e-03  0.7497441  0.00  1.0000000
  1e+02  1e-02  0.8117273  0.03  0.9854209
  1e+02  1e-01  0.8119074  0.03  0.9854209
  1e+02  1e+00  0.8050892  0.02  0.9872727
  1e+02  1e+01  0.8097290  0.03  0.9872727
  1e+02  1e+02  0.8095471  0.02  0.9854209
  1e+02  1e+03  0.8095471  0.03  0.9854209
  1e+03  1e-03  0.5705219  0.00  1.0000000
  1e+03  1e-02  0.6604848  0.03  0.9909091
  1e+03  1e-01  0.6574848  0.02  0.9890909
  1e+03  1e+00  0.6558485  0.03  0.9872727
  1e+03  1e+01  0.6567576  0.03  0.9890572
  1e+03  1e+02  0.6567576  0.02  0.9872391
  1e+03  1e+03  0.6567576  0.03  0.9854209

ROC was used to select the optimal model using the largest value.
The final values used for the model were sigma = 0.001 and C = 100.
Support Vector Machine object of class "ksvm" 

SV type: C-svc  (classification) 
 parameter : cost C = 100 

Gaussian Radial Basis kernel function. 
 Hyperparameter : sigma =  0.001 

Number of Support Vectors : 125 

Objective Function Value : -10613.32 
Training error : 0.053929 
Probability model included. 
